{
 "cells": [
  {
   "cell_type": "code",
   "execution_count": 186,
   "id": "54cbc16e",
   "metadata": {},
   "outputs": [],
   "source": [
    "#local stiffness matrix\n",
    "import numpy as np\n",
    "import math as m\n",
    "\n",
    "E = 50\n",
    "A = 2\n",
    "L = 20\n",
    "theta = 1\n",
    "\n",
    "#initialize k_local\n",
    "def define_ke_local(E, A, L):\n",
    "    k = np.zeros((4,4))\n",
    "    \n",
    "    k[0][0] = (E*A/L)\n",
    "    k[2][2] = (E*A/L)\n",
    "    k[0][2] = (-E*A/L)\n",
    "    k[2][0] = (-E*A/L)\n",
    "    \n",
    "    return k\n",
    "\n",
    "def define_rotation(theta):\n",
    "    unit_rot = [[np.cos(theta), np.sin(theta)], [-np.sin(theta), np.cos(theta)]]\n",
    "    beta = np.zeros((4,4))\n",
    "    beta[0:2,0:2] = unit_rot\n",
    "    beta[2:4,2:4] = unit_rot\n",
    "    return beta\n",
    "\n",
    "def calc_length(i_coords, j_coords):\n",
    "    return np.linalg.norm((j_coords - i_coords))\n",
    "\n",
    "def calc_orientation(i_coords, j_coords):\n",
    "    delta = j_coords - i_coords\n",
    "    return np.arctan2(delta[1], delta[0])\n",
    "\n",
    "def calc_dof(i_node_num, j_node_num):\n",
    "    dof_i = [i_node_num * 2 - 1, i_node_num * 2]\n",
    "    dof_j = [j_node_num * 2 - 1, j_node_num * 2]\n",
    "    dof = dof_i + dof_j\n",
    "    return dof\n",
    "\n",
    "def define_ke_global(ke_local, beta):\n",
    "    ke_global = np.dot((np.dot(np.transpose(beta), ke_local)), beta)\n",
    "    return ke_global\n",
    "\n",
    "\n",
    "## DISCLAIMER: I had difficulties setting up a loop using python for this problem.\n",
    "## I was able to set it up using the specific truss case, however.\n",
    "def assemble_big_mac(num_dof, ke_global, global_dof):\n",
    "    big_mac = np.zeros((num_dof, num_dof))\n",
    "    for i in range(len(ke_global)):\n",
    "        if i == 0 or i == 2:\n",
    "            big_mac[i:i+4,i:i+4] += ke_global[i]\n",
    "        elif i == 1:\n",
    "            big_mac[0:2,0:2] += ke_global[i][0:2,0:2]\n",
    "            big_mac[0:2,4:6] += ke_global[i][0:2,2:4]\n",
    "            big_mac[4:6,0:2] += ke_global[i][2:4,0:2]\n",
    "            big_mac[4:6,4:6] += ke_global[i][2:4,2:4]\n",
    "    return big_mac\n",
    "\n"
   ]
  },
  {
   "cell_type": "code",
   "execution_count": 188,
   "id": "c3ee9de9",
   "metadata": {},
   "outputs": [
    {
     "name": "stdout",
     "output_type": "stream",
     "text": [
      "[[-1, 0, 1, 2], [-1, 0, 3, 4], [1, 2, 3, 4]]\n",
      "Local Stiffnesses:\n",
      "\n",
      "Element 1: [[ 20506096.65440988         0.         -20506096.65440988\n",
      "          0.        ]\n",
      " [        0.                 0.                 0.\n",
      "          0.        ]\n",
      " [-20506096.65440988         0.          20506096.65440988\n",
      "          0.        ]\n",
      " [        0.                 0.                 0.\n",
      "          0.        ]] \n",
      "\n",
      "Element 2: [[ 1060660.17177982        0.         -1060660.17177982        0.        ]\n",
      " [       0.                0.                0.                0.        ]\n",
      " [-1060660.17177982        0.          1060660.17177982        0.        ]\n",
      " [       0.                0.                0.                0.        ]] \n",
      "\n",
      "Element 3: [[ 1800.     0. -1800.     0.]\n",
      " [    0.     0.     0.     0.]\n",
      " [-1800.     0.  1800.     0.]\n",
      " [    0.     0.     0.     0.]] \n",
      "\n",
      "Global Stiffnesses:\n",
      "\n",
      "Element 1: [[ 10253048.32720494  10253048.32720494 -10253048.32720494\n",
      "  -10253048.32720494]\n",
      " [ 10253048.32720494  10253048.32720494 -10253048.32720494\n",
      "  -10253048.32720494]\n",
      " [-10253048.32720494 -10253048.32720494  10253048.32720494\n",
      "   10253048.32720494]\n",
      " [-10253048.32720494 -10253048.32720494  10253048.32720494\n",
      "   10253048.32720494]] \n",
      "\n",
      "Element 2: [[ 530330.08588991 -530330.08588991 -530330.08588991  530330.08588991]\n",
      " [-530330.08588991  530330.08588991  530330.08588991 -530330.08588991]\n",
      " [-530330.08588991  530330.08588991  530330.08588991 -530330.08588991]\n",
      " [ 530330.08588991 -530330.08588991 -530330.08588991  530330.08588991]] \n",
      "\n",
      "Element 3: [[ 1800.     0. -1800.     0.]\n",
      " [    0.     0.     0.     0.]\n",
      " [-1800.     0.  1800.     0.]\n",
      " [    0.     0.     0.     0.]] \n",
      "\n",
      "Big Mac: \n",
      "\n",
      "[[ 1.07833784e+07  9.72271824e+06 -1.02530483e+07 -1.02530483e+07\n",
      "  -5.30330086e+05  5.30330086e+05]\n",
      " [ 9.72271824e+06  1.07833784e+07 -1.02530483e+07 -1.02530483e+07\n",
      "   5.30330086e+05 -5.30330086e+05]\n",
      " [-1.02530483e+07 -1.02530483e+07  1.02548483e+07  1.02530483e+07\n",
      "  -1.80000000e+03  0.00000000e+00]\n",
      " [-1.02530483e+07 -1.02530483e+07  1.02530483e+07  1.02530483e+07\n",
      "   0.00000000e+00  0.00000000e+00]\n",
      " [-5.30330086e+05  5.30330086e+05 -1.80000000e+03  0.00000000e+00\n",
      "   5.32130086e+05 -5.30330086e+05]\n",
      " [ 5.30330086e+05 -5.30330086e+05  0.00000000e+00  0.00000000e+00\n",
      "  -5.30330086e+05  5.30330086e+05]]\n"
     ]
    }
   ],
   "source": [
    "nodes = np.array([[0.0, 0.0], [-10.0,-10.0], [10.0, -10.0]])\n",
    "mat_props = [29000000.0, 10000.0, 15000000.0]\n",
    "section_props = [1.0, 10.0, 3.6]\n",
    "elements = [[0, 1, 0, 1], [0, 2, 2, 0], [1, 2, 1, 2]]\n",
    "#print(len(elements))\n",
    "A = [section_props[elements[i][3]] for i in range(len(elements))]\n",
    "#print(A)\n",
    "E = [mat_props[elements[i][2]] for i in range(len(elements))]\n",
    "#print(E)\n",
    "L = [calc_length(nodes[elements[i][0]], nodes[elements[i][1]]) for i in range(len(elements))]\n",
    "#print(L)\n",
    "theta = [calc_orientation(nodes[elements[i][0]], nodes[elements[i][1]]) for i in range(len(elements))]\n",
    "#print(theta)\n",
    "ke_local = [define_ke_local(E[i], A[i], L[i]) for i in range(len(L))]\n",
    "#print(ke_local)\n",
    "beta = [define_rotation(theta[i]) for i in range(len(theta))]\n",
    "#print(beta)\n",
    "ke_global = [define_ke_global(ke_local[i], beta[i]) for i in range(len(ke_local))]\n",
    "#print(ke_global)\n",
    "element_global_dof = [calc_dof(elements[i][0], elements[i][1]) for i in range(len(elements))]\n",
    "#print(element_global_dof)\n",
    "num_dof = np.shape(nodes)[0] * 2\n",
    "K = assemble_big_mac(num_dof, ke_global, element_global_dof)\n",
    "\n",
    "\n",
    "print(\"Local Stiffnesses:\\n\")\n",
    "print(\"Element 1:\", ke_local[0], \"\\n\")\n",
    "print(\"Element 2:\", ke_local[1], \"\\n\")\n",
    "print(\"Element 3:\", ke_local[2], \"\\n\")\n",
    "print(\"Global Stiffnesses:\\n\")\n",
    "print(\"Element 1:\", ke_global[0], \"\\n\")\n",
    "print(\"Element 2:\", ke_global[1], \"\\n\")\n",
    "print(\"Element 3:\", ke_global[2], \"\\n\")\n",
    "print(\"Big Mac: \\n\")\n",
    "print(K)"
   ]
  },
  {
   "cell_type": "code",
   "execution_count": null,
   "id": "cf453881",
   "metadata": {},
   "outputs": [],
   "source": []
  }
 ],
 "metadata": {
  "kernelspec": {
   "display_name": "Python 3 (ipykernel)",
   "language": "python",
   "name": "python3"
  },
  "language_info": {
   "codemirror_mode": {
    "name": "ipython",
    "version": 3
   },
   "file_extension": ".py",
   "mimetype": "text/x-python",
   "name": "python",
   "nbconvert_exporter": "python",
   "pygments_lexer": "ipython3",
   "version": "3.11.5"
  }
 },
 "nbformat": 4,
 "nbformat_minor": 5
}
